# KMTN_B
# energy
# KMTNet_B
  3000            0.00308963             
  3010            0.0031841300000000003  
  3020            0.00317817             
  3030            0.00259601             
  3040            0.0016541400000000001  
  3050            0.00124988             
  3060            0.00217779             
  3070            0.00299498             
  3080            0.0026685700000000003  
  3090            0.00224975             
  3100            0.0023973600000000003  
  3110            0.0021501700000000003  
  3120            0.00258148             
  3130            0.00254787             
  3140            0.0020793              
  3150            0.00201281             
  3160            0.0027366200000000004  
  3170            0.00317565             
  3180            0.00255907             
  3190            0.0026823399999999996  
  3200            0.0025473400000000004  
  3210            0.00230538             
  3220            0.00337713             
  3230            0.00338351             
  3240            0.00256292             
  3250            0.00225459             
  3260            0.0027286700000000003  
  3270            0.00303979             
  3280            0.00237424             
  3290            0.0032444400000000003  
  3300            0.00300098             
  3310            0.00276248             
  3320            0.00308758             
  3330            0.0030692000000000002  
  3340            0.00245715             
  3350            0.0027143099999999997  
  3360            0.00303138             
  3370            0.00333774             
  3380            0.0034762100000000004  
  3390            0.00289199             
  3400            0.00249122             
  3410            0.0025659              
  3420            0.00262213             
  3430            0.00249951             
  3440            0.00245242             
  3450            0.0026024000000000004  
  3460            0.00243418             
  3470            0.00236887             
  3480            0.00247282             
  3490            0.0025575199999999998  
  3500            0.00246336             
  3510            0.00228591             
  3520            0.00252295             
  3530            0.00263482             
  3540            0.0025873000000000003  
  3550            0.0026159900000000003  
  3560            0.00257294             
  3570            0.00251913             
  3580            0.0026872000000000003  
  3590            0.00279816             
  3600            0.0028008              
  3610            0.00298687             
  3620            0.00332864             
  3630            0.0032322699999999998  
  3640            0.0033564              
  3650            0.00372259             
  3660            0.00394065             
  3670            0.00396191             
  3680            0.00414746             
  3690            0.00434525             
  3700            0.00463514             
  3710            0.005046859999999999   
  3720            0.00538849             
  3730            0.00531028             
  3740            0.00583597             
  3750            0.00623887             
  3760            0.006526189999999999   
  3770            0.007010690000000001   
  3780            0.0075296600000000005  
  3790            0.00840103             
  3800            0.00896483             
  3810            0.00955373             
  3820            0.010631999999999999   
  3830            0.012376100000000001   
  3840            0.0149135              
  3850            0.0188612              
  3860            0.025637500000000004   
  3870            0.0376772              
  3880            0.0589736              
  3890            0.0947352              
  3900            0.148987               
  3910            0.22019300000000003    
  3920            0.303066               
  3930            0.392077               
  3940            0.482209               
  3950            0.566501               
  3960            0.636717               
  3970            0.68974                
  3980            0.724653               
  3990            0.742907               
  4000            0.749506               
  4010            0.7553340000000001     
  4020            0.768043               
  4030            0.7894180000000001     
  4040            0.815445               
  4050            0.839096               
  4060            0.854776               
  4070            0.863026               
  4080            0.868055               
  4090            0.874444               
  4100            0.8839570000000001     
  4110            0.89414                
  4120            0.9017440000000001     
  4130            0.906564               
  4140            0.9101210000000001     
  4150            0.914326               
  4160            0.919956               
  4170            0.925338               
  4180            0.928772               
  4190            0.9305629999999999     
  4200            0.931609               
  4210            0.9326720000000001     
  4220            0.9341710000000001     
  4230            0.935047               
  4240            0.935723               
  4250            0.936852               
  4260            0.938884               
  4270            0.9417700000000001     
  4280            0.944557               
  4290            0.9471550000000001     
  4300            0.948848               
  4310            0.948749               
  4320            0.946279               
  4330            0.9414319999999999     
  4340            0.9361879999999999     
  4350            0.93362                
  4360            0.935195               
  4370            0.9397310000000001     
  4380            0.944035               
  4390            0.946465               
  4400            0.94691                
  4410            0.947257               
  4420            0.949145               
  4430            0.95233                
  4440            0.9550270000000001     
  4450            0.956199               
  4460            0.956335               
  4470            0.956977               
  4480            0.959223               
  4490            0.962037               
  4500            0.963767               
  4510            0.963954               
  4520            0.963368               
  4530            0.963157               
  4540            0.963795               
  4550            0.9646330000000001     
  4560            0.9635429999999999     
  4570            0.960214               
  4580            0.956159               
  4590            0.953794               
  4600            0.9551600000000001     
  4610            0.959256               
  4620            0.963238               
  4630            0.964754               
  4640            0.963079               
  4650            0.958962               
  4660            0.954735               
  4670            0.951506               
  4680            0.9490500000000001     
  4690            0.9464579999999999     
  4700            0.943098               
  4710            0.939433               
  4720            0.937473               
  4730            0.938361               
  4740            0.941711               
  4750            0.945453               
  4760            0.9459420000000001     
  4770            0.9415250000000001     
  4780            0.9329940000000001     
  4790            0.9236570000000001     
  4800            0.9176510000000001     
  4810            0.917385               
  4820            0.922256               
  4830            0.929507               
  4840            0.936513               
  4850            0.9413400000000001     
  4860            0.9427200000000001     
  4870            0.9410980000000001     
  4880            0.938107               
  4890            0.9346840000000001     
  4900            0.93069                
  4910            0.924465               
  4920            0.91176                
  4930            0.885274               
  4940            0.835998               
  4950            0.756695               
  4960            0.646804               
  4970            0.517145               
  4980            0.387064               
  4990            0.273404               
  5000            0.18577200000000002    
  5010            0.125118               
  5020            0.0858128              
  5030            0.06057800000000001    
  5040            0.044353100000000006   
  5050            0.0335944              
  5060            0.0261567              
  5070            0.0209408              
  5080            0.0169231              
  5090            0.0139507              
  5100            0.0116712              
  5110            0.00981276             
  5120            0.00835969             
  5130            0.0072149300000000005  
  5140            0.0063266500000000005  
  5150            0.00551361             
  5160            0.00481367             
  5170            0.00438189             
  5180            0.00389227             
  5190            0.0036052600000000003  
  5200            0.00337437             
  5210            0.00309425             
  5220            0.0028239100000000002  
  5230            0.00270496             
  5240            0.00256639             
  5250            0.00244187             
  5260            0.00232099             
  5270            0.00218278             
  5280            0.00207688             
  5290            0.00203346             
  5300            0.0019539500000000003  
  5310            0.00187722             
  5320            0.0018378300000000001  
  5330            0.00177143             
  5340            0.00176847             
  5350            0.00170868             
  5360            0.0015866600000000002  
  5370            0.00149075             
  5380            0.0014983099999999999  
  5390            0.00146834             
  5400            0.00147333             
  5410            0.0013880799999999999  
  5420            0.0012648499999999999  
  5430            0.00127572             
  5440            0.00124902             
  5450            0.0011866300000000001  
  5460            0.00120505             
  5470            0.00125088             
  5480            0.0011706              
  5490            9.76594E-4             
  5500            0.00100399             
  5510            0.00100321             
  5520            9.85754E-4             
  5530            0.0010474100000000001  
  5540            9.84591E-4             
  5550            9.82865E-4             
  5560            9.41071E-4             
  5570            9.29779E-4             
  5580            0.00100983             
  5590            0.00105019             
  5600            0.00104213             
  5610            9.029800000000001E-4   
  5620            8.420080000000001E-4   
  5630            8.968130000000001E-4   
  5640            7.93545E-4             
  5650            8.958610000000001E-4   
  5660            9.258180000000001E-4   
  5670            8.42385E-4             
  5680            7.712439999999999E-4   
  5690            8.150789999999999E-4   
  5700            7.05088E-4             
  5710            7.63113E-4             
  5720            8.433450000000001E-4   
  5730            8.349380000000001E-4   
  5740            7.950450000000001E-4   
  5750            6.388820000000001E-4   
  5760            6.67072E-4             
  5770            6.966580000000001E-4   
  5780            6.798650000000001E-4   
  5790            7.17366E-4             
  5800            6.36437E-4             
  5810            7.34624E-4             
  5820            6.89457E-4             
  5830            4.82406E-4             
  5840            3.98608E-4             
  5850            5.60414E-4             
  5860            6.33781E-4             
  5870            6.93761E-4             
  5880            6.02692E-4             
  5890            3.6235700000000005E-4  
  5900            5.780480000000001E-4   
  5910            5.11338E-4             
  5920            5.06353E-4             
  5930            5.66979E-4             
  5940            5.12281E-4             
  5950            4.28681E-4             
  5960            5.04505E-4             
  5970            4.82381E-4             
  5980            4.5521E-4              
  5990            5.57999E-4             
  6000            6.0936E-4              
  6010            4.45285E-4             
  6020            4.42645E-4             
  6030            4.96977E-4             
  6040            4.63447E-4             
  6050            5.15973E-4             
  6060            4.7836E-4              
  6070            5.035619999999999E-4   
  6080            4.98087E-4             
  6090            4.02984E-4             
  6100            3.5961600000000005E-4  
  6110            3.50792E-4             
  6120            4.4762299999999997E-4  
  6130            3.76221E-4             
  6140            2.02687E-4             
  6150            4.1547800000000005E-4  
  6160            4.7662299999999997E-4  
  6170            6.14204E-4             
  6180            6.349789999999999E-4   
  6190            4.7244800000000004E-4  
  6200            3.7920000000000006E-4  
  6210            3.71086E-4             
  6220            4.2266900000000003E-4  
  6230            4.22757E-4             
  6240            4.08091E-4             
  6250            5.203590000000001E-4   
  6260            4.97291E-4             
  6270            2.49627E-4             
  6280            2.1397400000000002E-4  
  6290            4.1541799999999997E-4  
  6300            4.10907E-4             
  6310            5.2899E-4              
  6320            5.28763E-4             
  6330            4.69517E-4             
  6340            3.98752E-4             
  6350            2.88555E-4             
  6360            2.8234800000000003E-4  
  6370            3.33312E-4             
  6380            4.0434499999999996E-4  
  6390            4.52976E-4             
  6400            4.5397E-4              
  6410            4.4633199999999997E-4  
  6420            6.247760000000001E-4   
  6430            5.46727E-4             
  6440            3.34207E-4             
  6450            5.43938E-4             
  6460            5.452710000000001E-4   
  6470            6.44145E-4             
  6480            6.883200000000001E-4   
  6490            5.90351E-4             
  6500            4.6923600000000005E-4  
  6510            4.64093E-4             
  6520            5.32174E-4             
  6530            5.38617E-4             
  6540            4.8395800000000004E-4  
  6550            4.95428E-4             
  6560            5.67362E-4             
  6570            5.91505E-4             
  6580            5.9955E-4              
  6590            5.6729E-4              
  6600            4.2548200000000003E-4  
  6610            2.56971E-4             
  6620            5.6491E-4              
  6630            7.43781E-4             
  6640            5.532299999999999E-4   
  6650            4.26107E-4             
  6660            5.60979E-4             
  6670            5.59165E-4             
  6680            4.81223E-4             
  6690            3.86303E-4             
  6700            2.55664E-4             
  6710            3.89367E-4             
  6720            3.7882899999999996E-4  
  6730            3.7090699999999996E-4  
  6740            4.1949399999999997E-4  
  6750            3.42542E-4             
  6760            1.88809E-4             
  6770            3.1989999999999997E-4  
  6780            3.65625E-4             
  6790            2.89874E-4             
  6800            5.00335E-4             
  6810            4.43944E-4             
  6820            4.14912E-4             
  6830            3.41946E-4             
  6840            2.4185700000000003E-4  
  6850            3.12365E-4             
  6860            3.8634300000000004E-4  
  6870            3.63354E-4             
  6880            2.87233E-4             
  6890            2.37211E-4             
  6900            2.40709E-4             
  6910            2.3865E-4              
  6920            2.86088E-4             
  6930            3.7073900000000003E-4  
  6940            4.2051400000000003E-4  
  6950            3.54277E-4             
  6960            2.0537799999999998E-4  
  6970            2.8019E-4              
  6980            2.71275E-4             
  6990            1.1412999999999999E-4  
  7000            3.46056E-4             
  7010            3.28328E-4             
  7020            1.1022199999999999E-4  
  7030            5.8614100000000005E-5  
  7040            3.11426E-4             
  7050            4.6385400000000003E-4  
  7060            3.5432300000000003E-4  
  7070            1.8129E-4              
  7080            5.16304E-5             
  7090            3.4988000000000003E-6  
  7100            7.68357E-5             
  7110            1.4965600000000002E-4  
  7120            2.06619E-4             
  7130            3.44503E-4             
  7140            5.07079E-4             
  7150            2.93707E-4             
  7160            3.11169E-4             
  7170            3.80664E-4             
  7180            2.94478E-4             
  7190            9.25966E-5             
  7200            1.68201E-4             
  7210            2.72133E-4             
  7220            2.68736E-4             
  7230            1.68186E-4             
  7240            1.0710400000000001E-4  
  7250            2.73803E-4             
  7260            3.1926499999999995E-4  
  7270            3.16507E-4             
  7280            2.58941E-4             
  7290            9.87806E-5             
  7300            1.7714600000000001E-4  
  7310            7.50917E-5             
  7320            1.76029E-5             
  7330            1.10584E-4             
  7340            1.80881E-4             
  7350            1.83383E-4             
  7360            2.39757E-4             
  7370            3.41404E-4             
  7380            3.8642000000000006E-4  
  7390            3.08412E-4             
  7400            4.74111E-4             
  7410            4.10018E-4             
  7420            3.3449500000000003E-4  
  7430            4.28204E-4             
  7440            4.32762E-4             
  7450            3.75824E-4             
  7460            1.32115E-4             
  7470            8.09036E-5             
  7480            3.56843E-4             
  7490            3.59014E-4             
  7500            1.7793300000000002E-4  
  7510            1.59816E-4             
  7520            2.3942100000000002E-4  
  7530            2.47988E-4             
  7540            3.5052300000000005E-4  
  7550            4.5918300000000005E-4  
  7560            6.01219E-4             
  7570            5.67425E-4             
  7580            2.5732E-4              
  7590            2.4643E-4              
  7600            3.4763700000000003E-4  
  7610            3.2370000000000006E-4  
  7620            2.3222E-4              
  7630            3.02688E-4             
  7640            4.45705E-4             
  7650            3.00974E-4             
  7660            1.60712E-4             
  7670            2.2763200000000002E-4  
  7680            3.45792E-4             
  7690            2.03607E-4             
  7700            -7.727600000000001E-5  
  7710            6.75415E-5             
  7720            4.38897E-4             
  7730            2.92263E-5             
  7740            2.38664E-4             
  7750            3.5727700000000003E-4  
  7760            4.90503E-4             
  7770            7.5699E-4              
  7780            6.13794E-4             
  7790            4.33414E-4             
  7800            5.33496E-4             
  7810            3.79375E-4             
  7820            -1.7495500000000002E-4 
  7830            4.94998E-4             
  7840            5.40674E-4             
  7850            3.13007E-4             
  7860            1.75095E-4             
  7870            2.11662E-4             
  7880            6.93826E-4             
  7890            5.64707E-4             
  7900            3.47519E-4             
  7910            3.72849E-4             
  7920            3.82002E-4             
  7930            3.96099E-4             
  7940            3.9582600000000006E-4  
  7950            5.181340000000001E-4   
  7960            5.47554E-4             
  7970            3.25912E-5             
  7980            2.85995E-4             
  7990            3.31539E-4             
  8000            1.75876E-4             
  8010            2.58342E-4             
  8020            6.35619E-4             
  8030            2.15454E-4             
  8040            1.24587E-4             
  8050            -2.67317E-5            
  8060            -6.8905E-4             
  8070            2.88124E-4             
  8080            3.96804E-4             
  8090            1.71929E-4             
  8100            4.3607100000000006E-4  
  8110            0.00118979             
  8120            8.502170000000001E-4   
  8130            5.82743E-4             
  8140            1.8194100000000003E-4  
  8150            -1.8661600000000002E-4 
  8160            1.8835800000000002E-4  
  8170            6.26816E-5             
  8180            6.52184E-5             
  8190            1.87913E-4             
  8200            2.01509E-4             
  8210            8.45881E-5             
  8220            -1.13022E-4            
  8230            -1.65664E-4            
  8240            -8.043790000000001E-5  
  8250            2.45023E-6             
  8260            3.20378E-5             
  8270            1.20518E-4             
  8280            2.8636500000000003E-5  
  8290            -8.043440000000001E-5  
  8300            1.374E-4               
  8310            2.57303E-4             
  8320            1.8306E-4              
  8330            4.849100000000001E-5   
  8340            1.1944499999999999E-5  
  8350            9.56761E-5             
  8360            2.27336E-5             
  8370            8.968769999999999E-5   
  8380            -8.86342E-6            
  8390            -2.82871E-4            
  8400            1.09638E-4             
  8410            1.8868500000000001E-4  
  8420            2.78131E-4             
  8430            4.89615E-4             
  8440            4.4788799999999996E-4  
  8450            -7.45702E-4            
  8460            9.418420000000001E-6   
  8470            9.22501E-4             
  8480            6.01761E-4             
  8490            -3.98107E-4            
  8500            -5.40434E-4            
  8510            -4.06793E-5            
  8520            0.00106358             
  8530            0.0017142              
  8540            1.61143E-4             
  8550            3.34549E-4             
  8560            -2.07152E-4            
  8570            -9.234520000000001E-4  
  8580            -4.27963E-4            
  8590            -1.69049E-5            
  8600            -6.18094E-4            
  8610            -5.46443E-4            
  8620            -1.62234E-4            
  8630            -8.69012E-4            
  8640            1.43681E-4             
  8650            1.83444E-4             
  8660            4.1734800000000006E-4  
  8670            0.0010116600000000002  
  8680            6.56411E-5             
  8690            7.466250000000001E-4   
  8700            5.9307E-4              
  8710            -1.90086E-4            
  8720            -2.3694900000000002E-4 
  8730            6.9352E-4              
  8740            8.973610000000001E-4   
  8750            5.58242E-4             
  8760            1.49608E-4             
  8770            1.32729E-7             
  8780            2.1468000000000002E-4  
  8790            2.43326E-4             
  8800            1.0624099999999999E-4  
  8810            -2.37754E-6            
  8820            4.38005E-5             
  8830            1.38175E-4             
  8840            8.49744E-6             
  8850            -4.33529E-5            
  8860            1.23077E-4             
  8870            -1.3926E-4             
  8880            -1.57251E-4            
  8890            -1.43813E-4            
  8900            -7.71246E-5            
  8910            1.54405E-4             
  8920            -7.18384E-5            
  8930            -1.584E-4              
  8940            -3.50855E-5            
  8950            9.366100000000001E-5   
  8960            4.79301E-6             
  8970            1.56441E-4             
  8980            1.7533E-4              
  8990            1.81978E-4             
  9000            2.88896E-4             
  9010            4.11609E-5             
  9020            7.52163E-5             
  9030            8.49803E-5             
  9040            -2.8602800000000003E-6 
  9050            1.9964499999999999E-7  
  9060            -1.01682E-4            
  9070            1.0974400000000001E-4  
  9080            2.10114E-4             
  9090            -3.1152900000000005E-5 
  9100            -1.97137E-4            
  9110            -2.4113900000000002E-4 
  9120            -1.1764200000000001E-4 
  9130            1.22418E-5             
  9140            0.0                    
  9150            0.0                    
  9160            -1.1025300000000001E-5 
  9170            7.55486E-5             
  9180            1.52747E-4             
  9190            7.37769E-6             
  9200            2.272E-6               
  9210            -1.2436400000000002E-4 
  9220            4.38752E-6             
  9230            4.30318E-4             
  9240            3.04735E-4             
  9250            -1.21793E-4            
  9260            -3.06601E-4            
  9270            -5.32324E-4            
  9280            -0.00112596            
  9290            -5.88076E-4            
  9300            -9.92943E-5            
  9310            -1.42705E-4            
  9320            -3.8758E-4             
  9330            -3.50558E-5            
  9340            1.91602E-5             
  9350            -2.38243E-5            
  9360            1.28617E-4             
  9370            3.52698E-4             
  9380            -2.75512E-4            
  9390            9.53707E-5             
  9400            1.46761E-4             
  9410            -5.151870000000001E-4  
  9420            -8.025910000000001E-4  
  9430            2.0308900000000002E-4  
  9440            -4.90318E-4            
  9450            -0.00101472            
  9460            3.33393E-5             
  9470            2.73434E-5             
  9480            0.0                    
  9490            2.21794E-5             
  9500            -8.841240000000001E-5  
  9510            -3.7728200000000005E-4 
  9520            -9.07585E-5            
  9530            -6.0914E-6             
  9540            1.6867500000000002E-4  
  9550            4.21467E-4             
  9560            5.96094E-5             
  9570            -4.04978E-4            
  9580            -7.35116E-4            
  9590            -1.68009E-4            
  9600            0.00136487             
  9610            0.00158857             
  9620            -2.05018E-4            
  9630            -0.00243933            
  9640            -0.00225823            
  9650            0.0018409400000000001  
  9660            0.00132241             
  9670            2.4608000000000003E-4  
  9680            -1.5449299999999998E-5 
  9690            -3.50544E-5            
  9700            -5.01141E-4            
  9710            1.23176E-4             
  9720            4.07791E-4             
  9730            -1.22516E-4            
  9740            -4.6561E-4             
  9750            1.70722E-4             
  9760            4.31545E-4             
  9770            1.42137E-4             
  9780            -2.3941E-4             
  9790            -2.3061600000000003E-4 
  9800            3.34049E-4             
  9810            2.70293E-4             
  9820            -2.1657300000000002E-4 
  9830            -1.01279E-5            
  9840            3.28681E-4             
  9850            -2.4258600000000002E-5 
  9860            -6.878040000000001E-4  
  9870            -0.00103198            
  9880            -9.21572E-4            
  9890            -0.00101314            
  9900            -5.73297E-4            
  9910            4.2026399999999995E-5  
  9920            9.81146E-7             
  9930            1.62389E-4             
  9940            2.7050500000000004E-4  
  9950            1.5430999999999998E-7  
  9960            -1.2779799999999998E-4 
  9970            0.00109124             
  9980            -6.09636E-4            
  9990            -0.00180381            
  10000           -6.641139999999999E-4  
